gene           ec_prob        s_prob         outdeg    indeg
FOXI1          0.0            1.0            0         39
PDX1           0.0            1.0            0         43
EHF            0.0            1.0            0         41
LTF            0.0            1.0            0         6
TBX5           0.0            1.0            0         11
MYF5           0.0            1.0            1         89
NKX2-1         0.0            1.0            2         67
ERG            0.0            1.0            3         135
TP63           0.0            1.0            8         43
BARHL2         0.0            1.0            11        13
HOXD13         0.0            1.0            14        7
VAX1           0.0            1.0            19        3
ZNF354C        0.0            1.0            54        0
NKX3-1         0.0            1.0            57        12
MYF6           0.0            1.0            64        244
FOXF2          0.0            1.0            66        48
SMAD1          0.0            1.0            72        81
E2F8           0.0            1.0            115       70
FOXF1          0.0            1.0            129       47
MAFB           0.0            1.0            133       55
BACH1          0.0            1.0            233       119
FOXL1          0.0            1.0            313       28
HAND2          0.0            0.90909        14        76
BARX2          0.0            0.90909        18        4
NFATC1         0.0            0.90909        78        49
PRDM1          0.0            0.90909        126       101
GTF2A1         0.0            0.90909        292       13
CDX2           0.12727        1.0            0         36
ISX            0.0            0.81818        0         10
RAX            0.0            0.81818        6         9
ARX            0.0            0.81818        26        1
BHLHE41        0.0            0.81818        217       132
NR4A2          0.18182        1.0            204       0
TAL2           0.0            0.75758        0         76
T              0.25455        1.0            0         17
LHX5           0.0            0.72727        0         6
BARX1          0.0            0.72727        0         7
ESRRB          0.0            0.72727        2         18
SIX6           0.0            0.72727        2         2
POU2F3         0.0            0.72727        7         77
NKX6-2         0.0            0.72727        7         6
TFF3           0.18182        0.90909        14        89
NR1H4          0.0            0.72727        29        29
HNF4A          0.0            0.72727        32        107
HOXA1          0.0            0.72727        50        0
EGR2           0.18182        0.90909        182       847
MSX2           0.29091        1.0            49        14
MYOD1          0.0            0.68182        0         256
HMX1           0.0            0.68182        1         5
AIRE           0.0            0.63636        0         11
PAX7           0.0            0.63636        5         3
NKX2-2         0.0            0.63636        8         18
ONECUT1        0.0            0.63636        14        11
HOXA7          0.0            0.63636        25        0
DLX5           0.0            0.63636        41        6
NANOG          0.41818        1.0            26        104
PAX8           0.43636        1.0            57        35
IRX4           0.12121        0.68182        0         3
EVX1           0.0            0.54545        0         1
OTP            0.0            0.54545        1         4
ALX3           0.0            0.54545        2         7
HOXA13         0.0            0.54545        32        14
EGR4           0.0            0.54545        85        795
KLF4           0.0            0.54545        220       625
ATOH1          0.0            0.5303         0         79
ELF5           0.0            0.5303         17        16
HIVEP2         0.32727        0.81818        14        45
GZF1           0.0            0.48485        155       5
SIX2           0.25455        0.72727        116       3
CRX            0.0            0.45455        0         22
PROP1          0.0            0.45455        0         8
MEIS1          0.45455        0.90909        156       47
NKX2-5         0.29091        0.72727        1         27
EN2            0.29091        0.72727        45        4
HOXA3          0.29091        0.72727        74        5
PPARG          0.47273        0.90909        31        71
ELK3           0.49091        0.90909        180       0
RBPJ           0.32727        0.72727        203       23
HOXD9          0.61818        1.0            3         7
HOXA4          0.25455        0.63636        34        8
CEBPA          0.0            0.37879        73        120
IRX6           0.0            0.36364        0         7
SATB1          0.0            0.36364        2         4
ARNTL2         0.0            0.36364        21        0
GSX2           0.0            0.36364        26        6
GATA3          0.0            0.36364        98        20
MEF2A          0.36364        0.72727        109       114
PAX6           0.49091        0.81818        45        91
HOXA10         0.21818        0.54545        0         10
HOXA11         0.21818        0.54545        3         10
NEUROD1        0.67273        1.0            15        102
HOXD3          0.67273        1.0            50        2
FOSL2          0.21818        0.54545        333       206
THRB           0.0            0.31818        48        40
SRY            0.32727        0.63636        0         22
NR1I2          0.0            0.30303        0         88
LHX8           0.0            0.30303        1         10
HOXD1          0.70909        1.0            0         3
MYOG           0.0            0.27273        0         244
HOXB1          0.0            0.27273        0         11
DLX4           0.0            0.27273        26        1
DLX3           0.0            0.27273        48        1
ZIC1           0.72727        1.0            155       13
EN1            0.10909        0.36364        25        2
LMX1A          0.0            0.24242        1         11
POU3F3         0.76364        1.0            178       71
PAX4           0.0            0.22727        0         379
RFX4           0.14545        0.36364        3         25
FLI1           0.8            1.0            52        165
TFCP2L1        0.0            0.18182        0         59
SPIB           0.12121        0.30303        11        46
HAND1          0.12121        0.30303        16        96
RUNX1          0.81818        1.0            358       45
STAT4          0.2            0.36364        59        90
GCM1           0.0            0.15152        0         20
SHOX2          0.0            0.15152        27        3
CEBPD          0.22727        0.37879        213       80
SIX3           0.0            0.13636        33        3
FOXP3          0.0            0.13636        106       7
PAX3           0.87273        1.0            15        25
RREB1          0.87273        1.0            63        190
GATA1          0.0            0.12121        0         65
TBX22          0.0            0.12121        0         9
LMO2           0.0            0.12121        27        66
FOXA1          0.10909        0.22727        34        73
NR3C1          0.70909        0.81818        226       84
RUNX2          0.90909        1.0            13        45
HOXA5          0.54545        0.63636        16        31
MECOM          0.90909        1.0            46        21
MEIS2          0.63636        0.72727        190       20
VSX1           0.0            0.09091        6         0
TFAP2B         0.06061        0.15152        25        832
HOXB4          0.06061        0.15152        52        3
REST           0.0            0.09091        97        281
DMRT1          0.0            0.07576        0         18
GFI1           0.0            0.07576        69        55
VAX2           0.29091        0.36364        52        2
HMGA2          0.29091        0.36364        175       33
LHX6           0.04848        0.12121        8         6
MITF           0.04848        0.12121        72        76
HOXA9          0.47273        0.54545        25        20
GATA6          0.0            0.06061        138       6
IRF6           0.09697        0.15152        150       91
HOXB3          0.21818        0.27273        40        9
LHX2           0.21818        0.27273        88        2
TBX18          0.25455        0.30303        190       13
GCM2           0.0            0.04545        1         20
SMAD2          0.96364        1.0            165       41
HOXB6          0.02424        0.06061        14        4
ZBTB6          0.0            0.0303         38        23
HOXB5          0.12121        0.15152        39        5
IKZF2          0.0            0.0303         137       38
MAD1L1         0.01818        0.04545        88        76
POU3F1         0.09697        0.12121        88        83
OTX1           0.70909        0.72727        69        10
RARB           0.89091        0.90909        151       67
NFIC           0.01212        0.0303         60        167
REL            0.0            0.01515        150       74
HOXB7          0.04848        0.06061        6         11
POU6F1         0.0            0.0            0         12
HOXC13         0.0            0.0            0         7
HOXC4          0.0            0.0            0         12
HNF4G          0.0            0.0            0         44
RXRG           0.63636        0.63636        0         67
TFDP2          0.0            0.0            0         70
NR5A1          0.0            0.0            0         15
HNF1A          0.0            0.0            0         47
HOXC11         0.0            0.0            0         8
ELF2           0.0            0.0            0         227
SOX10          0.0            0.0            0         19
POU4F1         0.0            0.0            0         60
IRF5           0.0            0.0            0         124
SOX6           1.0            1.0            0         19
NHLH1          0.0            0.0            0         191
WT1            0.0            0.0            0         469
OTX2           1.0            1.0            0         20
NR0B1          0.0            0.0            0         34
DMBX1          0.0            0.0            0         6
RORA           0.0            0.0            0         22
FOXA2          0.21212        0.21212        0         67
DMRT3          0.0            0.0            0         5
HOXB9          0.0            0.0            1         9
HOXC9          0.0            0.0            2         7
VSX2           0.0            0.0            2         5
IKZF1          0.90909        0.90909        3         182
FOXD3          0.72727        0.72727        3         36
PAX2           0.0            0.0            4         34
RUNX3          0.0            0.0            4         45
DMRT2          0.0            0.0            5         7
ZFP42          0.5303         0.5303         6         172
HOXB13         0.0            0.0            6         9
HNF1B          0.0            0.0            6         39
IRF4           0.0            0.0            8         124
ALX1           0.06061        0.06061        8         6
CDX1           0.0            0.0            8         18
GLI2           0.0            0.0            9         50
ELF1           0.13636        0.13636        12        169
EOMES          0.90909        0.90909        13        1
SOX3           1.0            1.0            13        19
HOXC8          0.0            0.0            13        0
NR5A2          0.90909        0.90909        13        28
MYCN           1.0            1.0            14        103
NR2E3          0.0            0.0            15        14
HOXB8          0.0            0.0            17        11
MEOX1          0.0            0.0            19        0
IRF3           0.0            0.0            20        172
TLX2           0.0            0.0            21        22
MNX1           0.0            0.0            21        5
ISL1           0.0            0.0            21        2
SPI1           0.0            0.0            22        263
CEBPZ          0.15152        0.15152        22        167
NKX3-2         1.0            1.0            23        9
LHX3           0.0            0.0            23        9
HOXC6          0.0            0.0            25        11
HOXC5          0.0            0.0            26        6
HOXC10         0.0            0.0            26        10
SMAD5          1.0            1.0            26        30
ETV7           0.0            0.0            27        150
AR             0.0            0.0            29        64
IRF8           0.0            0.0            29        153
EBF3           0.45455        0.45455        29        61
SOX5           1.0            1.0            29        19
ZNF350         1.0            1.0            30        96
ZIC3           1.0            1.0            30        19
ELF3           0.0            0.0            30        33
POU3F4         0.0            0.0            30        6
STAT5A         0.0            0.0            31        108
ASCL1          1.0            1.0            31        89
ARNT2          0.31818        0.31818        32        73
SMAD9          1.0            1.0            33        30
ITGB2          0.18182        0.18182        33        0
FOXO4          0.0            0.0            34        44
E2F4           0.0            0.0            37        70
RORB           0.0            0.0            38        0
LMX1B          0.0            0.0            41        7
FOXJ1          0.0            0.0            41        39
ELF4           0.06061        0.06061        42        0
SOX8           0.07576        0.07576        42        19
PITX2          0.18182        0.18182        43        21
PITX1          0.0            0.0            43        17
RARG           0.0            0.0            44        67
ESR2           0.0            0.0            45        15
TFAP2C         1.0            1.0            46        856
HOXA2          0.72727        0.72727        47        3
NR1H3          0.0            0.0            48        89
LHX4           0.0            0.0            48        11
GBX2           0.0            0.0            49        6
PRRX2          0.0            0.0            50        12
TBX15          0.72727        0.72727        50        21
PPARA          0.0            0.0            51        145
MYB            1.0            1.0            52        87
FGF9           0.0            0.0            52        4
BRCA1          0.0            0.0            52        0
SOX18          0.0            0.0            53        19
THRA           0.0            0.0            53        75
BPTF           0.0            0.0            55        34
ONECUT2        0.42424        0.42424        55        11
MTF1           0.0            0.0            57        154
RARA           0.0            0.0            58        67
ZNF219         0.0            0.0            58        595
CEBPG          0.45455        0.45455        59        71
PURA           0.0            0.0            59        141
ATF6           0.18182        0.18182        60        98
GTF2A2         0.54545        0.54545        60        13
IRX2           0.0            0.0            63        2
SIX1           0.54545        0.54545        63        1
CUX1           0.45455        0.45455        64        27
ATF3           0.0            0.0            67        141
FOXD1          0.24242        0.24242        67        24
NFE2           0.0            0.0            68        82
EBF2           1.0            1.0            69        61
NFIX           0.0            0.0            69        135
ZNF148         0.0            0.0            73        485
FOXJ3          1.0            1.0            73        0
TFDP1          0.0            0.0            74        70
MSX1           0.0            0.0            74        10
PRRX1          1.0            1.0            75        5
RFXAP          1.0            1.0            78        41
STAT2          0.0            0.0            78        64
FOXG1          0.0            0.0            78        43
FOXJ2          0.36364        0.36364        79        48
E2F2           0.0            0.0            81        70
NR1I3          0.0            0.0            81        88
ZNF589         0.0            0.0            81        48
GATA2          0.0            0.0            82        32
NFYB           0.0            0.0            83        409
MEF2C          1.0            1.0            83        32
NRF1           0.0            0.0            83        197
ZNF333         0.0            0.0            84        0
DLX1           0.0            0.0            87        0
SOX21          0.90909        0.90909        88        19
BARHL1         0.0            0.0            90        20
E2F6           0.0            0.0            90        70
FOXC1          1.0            1.0            92        21
ZNF263         0.0            0.0            92        434
SMAD4          0.72727        0.72727        94        132
ZBTB33         0.90909        0.90909        94        31
BRF1           0.0            0.0            95        21
MYC            0.45455        0.45455        95        306
E2F1           0.0            0.0            96        296
ETS1           0.90909        0.90909        97        302
MTERF          0.09091        0.09091        98        19
E2F5           0.12121        0.12121        98        0
CDC5L          0.0            0.0            98        1
CIZ1           0.0            0.0            100       12
PKNOX2         0.0            0.0            100       29
STAT5B         0.0            0.0            100       86
RFXANK         0.0            0.0            101       41
MXD4           0.0            0.0            102       76
MXD3           0.0            0.0            103       76
RB1            0.09091        0.09091        103       0
LEF1           1.0            1.0            103       37
ATF7           0.0            0.0            104       98
TFAP2A         0.54545        0.54545        104       880
SOX2           1.0            1.0            106       52
BACH2          0.36364        0.36364        106       122
FOXA3          0.0            0.0            107       52
ETS2           1.0            1.0            107       158
TCF7           0.0            0.0            108       22
RELA           0.0            0.0            108       170
MAFA           0.0            0.0            109       26
TCF12          0.09091        0.09091        110       141
MECP2          0.0            0.0            110       25
USF1           0.36364        0.36364        112       195
RFX2           0.0            0.0            113       25
DLX2           0.0            0.0            116       2
CBFB           0.0            0.0            117       45
FOXN1          0.0            0.0            117       0
NR2F6          0.0            0.0            118       33
ATF2           0.0303         0.0303         118       130
VDR            0.0            0.0            118       295
RFX5           0.0            0.0            119       41
ZBTB16         0.63636        0.63636        119       7
TFCP2          0.0            0.0            120       127
ARNTL          0.81818        0.81818        120       0
SOX15          0.0            0.0            120       19
EMX2           1.0            1.0            121       4
FOXM1          0.0            0.0            121       65
TCF3           0.0            0.0            122       360
AHR            1.0            1.0            124       201
NR1H2          0.30303        0.30303        124       89
TFAP4          0.0            0.0            124       174
FOXO1          0.13636        0.13636        126       64
PPARD          0.0            0.0            126       36
NF1            0.0            0.0            127       167
GLI1           0.0            0.0            129       45
XBP1           0.0            0.0            129       30
UBP1           0.0            0.0            129       0
CREM           0.0            0.0            130       158
HMGA1          0.0            0.0            132       30
ERF            0.0            0.0            132       113
NFATC3         0.0            0.0            134       43
EP300          0.0            0.0            134       105
ETV6           0.36364        0.36364        135       0
CNOT3          0.36364        0.36364        135       612
USF2           1.0            1.0            135       159
TCF4           0.21212        0.21212        136       121
EPAS1          0.72727        0.72727        137       11
PBX1           0.90909        0.90909        138       29
CHURC1         0.0            0.0            142       0
KLF15          0.72727        0.72727        145       580
HIF1A          0.45455        0.45455        145       145
RFX3           0.0            0.0            146       25
RXRA           0.72727        0.72727        146       275
NFKB1          0.21212        0.21212        146       254
NR4A1          0.0            0.0            147       24
HSF1           0.0            0.0            147       66
IRF1           0.36364        0.36364        150       150
POU2F1         0.0            0.0            150       150
MAF            0.09091        0.09091        151       155
TBP            0.31818        0.31818        152       32
ETV4           0.0            0.0            152       0
IRF9           0.0            0.0            153       133
ZEB1           1.0            1.0            154       49
GABPB1         0.0303         0.0303         154       153
STAT1          0.22727        0.22727        154       174
ZIC2           0.0            0.0            155       49
SP4            1.0            1.0            155       1013
E2F7           0.81818        0.81818        156       70
TGIF2          0.0            0.0            157       25
SP2            0.0            0.0            157       985
IRX3           1.0            1.0            157       7
SIX4           0.81818        0.81818        157       11
SOX11          0.0            0.0            158       19
HMBOX1         0.0            0.0            159       11
TOPORS         0.0            0.0            160       47
HOMEZ          0.0            0.0            160       10
HSF2           0.90909        0.90909        161       51
NFYC           0.0            0.0            162       409
PITX3          0.0            0.0            164       17
ZFX            0.0            0.0            164       746
NR2C2          0.63636        0.63636        166       53
IRF7           0.0            0.0            166       143
EGR3           0.0            0.0            166       853
MXI1           0.0            0.0            167       76
CLOCK          0.81818        0.81818        168       0
RXRB           0.0            0.0            168       108
STAT6          0.0            0.0            168       64
EBF1           0.72727        0.72727        170       120
ATF5           0.0            0.0            171       151
GTF2IRD1       0.0            0.0            171       22
CREB1          0.36364        0.36364        172       250
TRIM28         0.0            0.0            172       494
TFEB           0.0            0.0            175       76
KLF11          0.0            0.0            175       303
CTF1           0.0            0.0            176       167
SOX12          0.0            0.0            178       19
ING4           0.0            0.0            178       0
HINFP          0.0            0.0            178       0
PBX3           0.0            0.0            179       11
ARNT           0.0            0.0            179       209
SMAD3          0.0            0.0            180       52
SREBF2         0.0            0.0            181       314
ESRRA          0.0            0.0            184       27
SOX4           0.54545        0.54545        186       19
NFE2L2         0.0            0.0            186       229
RELB           0.0            0.0            186       77
KLF12          0.0            0.0            188       0
ZBTB7A         0.0            0.0            189       108
RFX1           0.0            0.0            191       126
ZNF628         0.0            0.0            192       19
GTF2I          0.0            0.0            194       232
ELK4           0.0            0.0            197       153
BCL6           1.0            1.0            197       62
NFATC4         0.0            0.0            198       55
IRF2           0.0            0.0            200       152
CEBPB          0.0            0.0            205       85
STAT3          0.0            0.0            206       238
ELK1           0.45455        0.45455        207       261
NR2F2          0.27273        0.27273        207       269
NFIL3          1.0            1.0            208       11
IRX5           0.63636        0.63636        210       2
SP3            0.0            0.0            211       1085
MZF1           0.0            0.0            211       257
FOXP1          0.72727        0.72727        212       90
GLI3           1.0            1.0            216       126
SOX9           1.0            1.0            216       51
SMAD7          0.0            0.0            217       30
NFYA           1.0            1.0            220       409
ZNF143         0.0            0.0            221       199
DBP            0.0            0.0            222       0
MAFK           0.0            0.0            223       55
POU3F2         1.0            1.0            223       84
FOSL1          0.0            0.0            224       206
ZBTB7B         0.0            0.0            225       801
CTCF           0.0            0.0            226       639
ARID5B         1.0            1.0            226       90
NFIB           0.31818        0.31818        230       54
FOSB           0.0            0.0            232       206
DEAF1          0.0            0.0            235       222
SMAD6          0.0            0.0            238       30
PATZ1          0.0            0.0            239       437
MAFF           0.0            0.0            239       55
ARID3A         0.06061        0.06061        243       0
YY1            0.0            0.0            245       222
TP53           0.0            0.0            251       127
ZNF384         0.0            0.0            258       12
TFE3           0.18182        0.18182        267       76
HIC1           0.0            0.0            268       550
ATF1           0.0            0.0            269       177
HBP1           0.45455        0.45455        270       0
NR6A1          0.0            0.0            282       27
DDIT3          0.0            0.0            285       18
ATF4           0.0            0.0            294       167
MAFG           0.0            0.0            294       77
CREB5          0.22727        0.22727        296       250
SREBF1         0.0            0.0            297       270
MAX            0.0            0.0            300       332
MAZ            0.0            0.0            301       496
SRF            0.0            0.0            311       115
EGR1           0.0            0.0            312       857
GLIS3          1.0            1.0            318       88
NR2F1          0.42424        0.42424        318       258
OAZ1           0.0            0.0            318       18
FOS            0.15152        0.15152        320       206
TEF            0.0            0.0            320       69
JUNB           0.0            0.0            340       154
BHLHE40        0.81818        0.81818        417       103
JUN            0.54545        0.54545        418       206
FOXO3          0.0            0.0            434       18
MEF2D          0.0            0.0            462       32
TGIF1          0.0            0.0            467       33
HES1           0.0            0.0            527       130
