gene           ec_prob        s_prob         outdeg    indeg
LMX1A          0.0            1.0            0         23
PDX1           0.0            1.0            0         198
NKX2-1         0.0            1.0            0         248
DMRT3          0.0            1.0            0         20
PAX6           0.0            1.0            0         315
VSX1           0.0            1.0            1         0
SIX6           0.0            1.0            1         20
RXRG           0.0            1.0            2         288
VAX1           0.0            1.0            7         9
EHF            0.0            1.0            22        158
HOXD3          0.0            1.0            32        8
GSX2           0.0            1.0            36        12
PAX3           0.0            1.0            46        97
BARHL2         0.0            1.0            48        54
MYF5           0.0            1.0            64        329
NEUROD1        0.0            1.0            66        379
WT1            0.0            1.0            118       1659
MYOD1          0.0            1.0            145       1021
ZIC1           0.0            1.0            166       49
MYF6           0.0            1.0            172       968
PAX8           0.0            1.0            172       118
EN2            0.0            1.0            199       9
SIX1           0.0            1.0            249       8
SMAD1          0.0            1.0            268       282
ERG            0.0            1.0            283       494
IKZF2          0.0            1.0            305       119
SIX2           0.0            1.0            401       14
MEF2C          0.0            1.0            481       120
BACH1          0.0            1.0            682       375
FOXL1          0.0            1.0            724       108
NR4A2          0.0            1.0            928       0
GTF2A1         0.0            1.0            1066      40
SIX3           0.0            0.90909        4         21
BARX2          0.0            0.90909        35        18
DMRT2          0.0            0.90909        58        30
MITF           0.0            0.90909        303       265
GZF1           0.0            0.90909        531       9
HOXD13         0.14545        1.0            129       27
FOXI1          0.0            0.81818        0         120
HMX1           0.0            0.81818        1         22
OTP            0.0            0.81818        1         14
RFX4           0.0            0.81818        37        79
ONECUT1        0.0            0.81818        65        37
MNX1           0.0            0.81818        75        14
EN1            0.0            0.81818        98        11
LHX5           0.0            0.72727        0         12
TFF3           0.18182        0.90909        84        329
TBX5           0.0            0.72727        185       55
POU3F1         0.0            0.72727        225       279
MEF2A          0.0            0.72727        416       418
ZBTB16         0.0            0.72727        424       29
EBF2           0.23636        0.90909        314       319
PAX4           0.0            0.63636        0         1332
NKX2-2         0.0            0.63636        34        81
ELF5           0.0            0.63636        53        55
HOXD1          0.36364        1.0            220       16
NKX6-2         0.0            0.60606        1         30
SMAD2          0.4            1.0            606       154
SRY            0.23636        0.81818        0         96
FLI1           0.41818        1.0            413       622
LHX6           0.16364        0.72727        60        18
HMGA2          0.16364        0.72727        679       105
KLF15          0.12121        0.68182        466       2011
TAL2           0.0            0.54545        0         265
PAX7           0.0            0.54545        0         4
NR1I2          0.0            0.54545        30        409
VAX2           0.0            0.54545        141       5
DLX5           0.09091        0.63636        226       22
FOXP3          0.0            0.54545        371       36
NR2F1          0.45455        1.0            769       990
ATOH1          0.0            0.5303         0         336
E2F8           0.50909        1.0            445       247
NKX3-2         0.54545        1.0            126       37
TBX18          0.36364        0.81818        670       45
GATA1          0.0            0.45455        0         268
SATB1          0.0            0.45455        0         24
GCM2           0.0            0.45455        2         78
ARX            0.0            0.45455        109       1
FOSL2          0.10909        0.54545        1212      713
RORA           0.09091        0.45455        7         95
MECP2          0.09091        0.45455        414       106
FOXF2          0.02727        0.36364        109       202
SOX6           0.67273        1.0            1         64
RBPJ           0.21818        0.54545        705       103
MYB            0.69091        1.0            202       348
ESRRB          0.0            0.30303        2         52
TFAP2B         0.0            0.30303        12        2855
ARNTL2         0.0            0.27273        106       0
FOXD3          0.36364        0.63636        220       159
BHLHE41        0.56364        0.81818        585       556
HOXD9          0.74545        1.0            192       30
PROP1          0.0            0.24242        0         33
NR3C1          0.76364        1.0            752       282
ISX            0.0            0.22727        0         17
NR1H4          0.01818        0.21212        32        152
LHX8           0.0            0.18182        0         28
IKZF1          0.0            0.18182        0         665
THRB           0.0            0.18182        115       178
POU3F2         0.0            0.18182        510       296
IRF2           0.0            0.18182        645       553
KLF4           0.81818        1.0            971       2189
ZNF354C        0.0            0.15152        200       0
LTF            0.0            0.13636        6         16
GFI1           0.0            0.13636        35        213
REST           0.0            0.13636        342       1062
RUNX2          0.87273        1.0            28        134
NFATC1         0.87273        1.0            382       204
IRX6           0.1            0.22727        25        16
SOX5           0.0            0.12121        22        69
TFEC           0.0            0.12121        69        0
IRF4           0.0            0.12121        84        447
BARHL1         0.0            0.12121        266       60
DMRT1          0.89091        1.0            0         49
SOX12          0.07273        0.18182        616       64
POU3F4         0.0            0.09091        0         26
NHLH1          0.0            0.09091        1         680
ZBTB6          0.0            0.09091        113       93
EGR4           0.0            0.09091        202       2721
EMX2           0.43939        0.5303         165       5
KLF12          0.18182        0.27273        555       0
ARNT2          0.0            0.07576        15        238
SHOX2          0.0            0.07576        240       4
RAX            0.0            0.06061        45        39
LHX4           0.0            0.06061        50        34
MAD1L1         0.01515        0.07576        192       265
FOXF1          0.94545        1.0            258       185
STAT4          0.01212        0.06061        280       342
POU4F1         0.0            0.04545        15        202
POU3F3         0.0            0.04545        89        223
FOXO3          0.0            0.04545        1416      78
FOXA1          0.18182        0.22727        86        260
ZNF350         0.96364        1.0            94        317
ELK3           0.69091        0.72727        715       0
GBX2           0.0            0.0303         227       18
AR             0.0            0.0303         233       239
IRX5           0.5            0.5303         744       19
SPIB           0.01818        0.04545        46        190
GATA6          0.98182        1.0            527       27
GCM1           0.00909        0.01515        3         78
NFIC           0.02424        0.0303         206       658
NR5A1          0.0            0.0            0         54
IRF5           0.0            0.0            0         447
VSX2           0.0            0.0            0         8
CDX2           1.0            1.0            0         154
T              1.0            1.0            0         61
SOX10          0.0            0.0            0         64
CRX            0.0            0.0            0         100
OTX2           1.0            1.0            0         62
HNF4G          0.0            0.0            0         168
NR0B1          0.0            0.0            0         146
ZFP42          0.72727        0.72727        0         600
TBX22          0.0            0.0            0         41
POU6F1         0.0            0.0            1         40
DMBX1          0.0            0.0            1         18
TFDP2          0.06061        0.06061        2         247
ELF2           0.0            0.0            5         848
BARX1          0.0            0.0            5         23
FOXA2          0.72727        0.72727        6         249
AIRE           0.0            0.0            6         40
EVX1           0.0            0.0            8         2
ALX1           0.22727        0.22727        9         26
TFCP2L1        0.30303        0.30303        9         226
HOXB1          0.0            0.0            10        43
NKX2-5         0.0            0.0            11        123
RORB           0.0            0.0            14        0
ZIC3           1.0            1.0            16        50
IRX4           0.15152        0.15152        16        33
POU2F3         0.0            0.0            16        278
ALX3           0.0            0.0            18        32
SOX3           0.5303         0.5303         22        64
HAND1          0.0            0.0            22        366
EOMES          1.0            1.0            23        4
PAX2           0.0            0.0            27        123
HNF1B          0.0            0.0            30        204
HIVEP2         0.90909        0.90909        30        150
OTX1           0.30303        0.30303        32        50
LHX3           0.0            0.0            36        29
NR5A2          0.90909        0.90909        38        138
ASCL1          0.0            0.0            40        329
RUNX3          0.0            0.0            47        134
HNF1A          0.0            0.0            50        183
HOXB9          0.0            0.0            55        63
FOXG1          0.0            0.0            56        201
LEF1           1.0            1.0            62        128
MEOX1          0.0            0.0            62        7
SOX21          1.0            1.0            66        64
TFAP2C         0.90909        0.90909        67        2932
TP63           0.90909        0.90909        68        165
IRF8           0.0            0.0            74        534
ELF1           0.37879        0.37879        75        595
LHX2           0.0            0.0            77        4
SPI1           0.0            0.0            77        934
NR2E3          0.0            0.0            78        55
CDX1           0.0            0.0            79        94
GLI2           0.27273        0.27273        79        212
CEBPZ          0.0            0.0            86        658
HOXC4          0.0            0.0            88        35
HNF4A          0.0            0.0            88        455
IRF3           0.0            0.0            91        607
SOX2           1.0            1.0            92        200
HOXB13         0.0            0.0            95        38
SMAD5          0.81818        0.81818        97        111
DLX4           0.0            0.0            98        6
MYOG           0.0            0.0            99        968
NANOG          0.0            0.0            101       377
ETV7           0.0            0.0            106       561
SOX8           0.07576        0.07576        107       64
LMX1B          0.0            0.0            109       17
HOXC13         0.0            0.0            110       64
PITX2          0.63636        0.63636        115       93
PITX1          0.0            0.0            115       61
LMO2           0.0            0.0            116       237
FOXJ1          0.0            0.0            117       178
TLX2           0.0            0.0            121       74
RARB           1.0            1.0            126       288
FGF9           0.0            0.0            134       21
MSX2           1.0            1.0            137       47
ISL1           0.45455        0.45455        138       10
MYCN           1.0            1.0            141       357
E2F4           0.0            0.0            147       247
PRRX2          0.0            0.0            150       30
SOX11          0.0            0.0            152       64
NKX3-1         0.13636        0.13636        161       38
ESR2           0.0            0.0            164       47
ZIC2           0.36364        0.36364        166       188
ITGB2          0.0            0.0            169       0
RARG           0.0            0.0            170       288
HOXC11         0.0            0.0            175       35
FOXD1          0.63636        0.63636        178       82
ELF3           0.0            0.0            184       142
DLX3           0.0            0.0            194       4
PPARG          0.54545        0.54545        200       263
TFAP2A         1.0            1.0            204       3019
GTF2A2         0.45455        0.45455        207       40
HAND2          0.72727        0.72727        209       265
NFIX           0.0            0.0            211       547
NFE2           0.0            0.0            214       286
SMAD9          0.31818        0.31818        214       111
TBX15          0.0            0.0            215       64
HOXC9          0.0            0.0            215       25
MTF1           0.45455        0.45455        223       548
HOXC8          0.0            0.0            225       8
STAT2          0.0            0.0            226       253
ATF6           0.81818        0.81818        229       312
HOXB3          0.0            0.0            232       23
BPTF           0.0            0.0            235       163
PURA           0.0            0.0            237       575
RREB1          0.45455        0.45455        238       715
PPARA          0.0            0.0            240       518
ATF3           0.0            0.0            242       479
THRA           0.0            0.0            243       337
TFDP1          0.0            0.0            245       247
STAT5A         0.0            0.0            246       454
CUX1           0.0            0.0            248       87
PKNOX2         1.0            1.0            249       117
SOX15          0.0            0.0            252       64
NRF1           0.0            0.0            254       703
CEBPA          0.63636        0.63636        254       466
ZNF219         0.0            0.0            257       2041
CBFB           0.0            0.0            260       134
HOXA11         0.0            0.0            261       55
SMAD4          0.81818        0.81818        264       527
NFYB           0.0            0.0            264       1434
RFXAP          0.36364        0.36364        265       124
SOX17          0.90909        0.90909        266       0
HOXB5          0.0            0.0            266       5
NR1I3          0.0            0.0            267       409
MTERF          0.21212        0.21212        268       84
MSX1           0.24242        0.24242        273       42
HOXA2          0.0            0.0            274       2
FOXJ2          0.0            0.0            278       200
GATA2          0.0            0.0            279       163
ZNF148         0.0            0.0            279       1775
ONECUT2        1.0            1.0            280       37
ETS1           1.0            1.0            280       1069
ELF4           0.54545        0.54545        283       0
HOXA13         0.0            0.0            283       96
IRX2           0.0            0.0            286       6
HOXA5          0.0            0.0            287       107
FOXO4          0.54545        0.54545        290       141
HOXB4          0.0            0.0            292       7
ZNF263         0.0            0.0            295       1532
FOXN1          0.0            0.0            295       5
CEBPG          0.81818        0.81818        297       243
STAT5B         0.0            0.0            300       352
GATA3          0.72727        0.72727        304       96
ZNF589         0.0            0.0            305       185
VDR            0.0            0.0            306       1171
ZNF333         0.0            0.0            309       0
FOXA3          0.0            0.0            309       200
BRF1           0.0            0.0            315       69
BACH2          0.0            0.0            316       420
FOXJ3          0.72727        0.72727        316       0
HOXC6          0.0            0.0            320       43
E2F5           0.09091        0.09091        320       0
HOXA10         0.0            0.0            324       55
RARA           0.0            0.0            325       288
E2F6           0.0            0.0            325       247
SIX4           1.0            1.0            327       42
CIZ1           0.0            0.0            340       33
HOXB7          0.0            0.0            343       43
DLX1           0.0            0.0            344       2
NR1H3          0.0            0.0            347       371
FOXM1          0.0            0.0            363       255
RB1            0.09091        0.09091        364       0
ZBTB33         0.90909        0.90909        366       111
ATF7           0.0            0.0            366       312
HOXB6          0.0            0.0            368       18
TCF7           0.0            0.0            370       80
E2F2           0.0            0.0            373       247
IRX3           0.81818        0.81818        374       16
HOXC5          0.0            0.0            374       17
TCF3           0.0            0.0            379       1488
RFXANK         0.0            0.0            383       124
MAFA           0.0            0.0            384       89
ARNTL          0.81818        0.81818        390       0
SOX9           0.60606        0.60606        394       215
ETS2           1.0            1.0            398       565
HOXA1          0.0            0.0            400       3
RFX5           0.0            0.0            402       124
MXD3           0.0            0.0            402       265
MYC            0.72727        0.72727        403       1068
TFCP2          0.0            0.0            407       495
CDC5L          0.0            0.0            410       3
MXD4           0.0            0.0            413       265
USF1           0.0            0.0            413       686
BRCA1          0.0            0.0            415       0
PBX1           0.90909        0.90909        420       121
EP300          0.0            0.0            420       378
USF2           0.63636        0.63636        421       528
FOXO1          0.45455        0.45455        422       279
ATF2           0.72727        0.72727        426       449
HOXB8          0.0            0.0            431       57
E2F1           0.0            0.0            432       1027
GTF2IRD1       0.0            0.0            433       106
NF1            0.0            0.0            435       658
AHR            1.0            1.0            436       688
TCF12          0.09091        0.09091        440       557
NR1H2          0.0303         0.0303         447       371
HSF2           1.0            1.0            453       203
CHURC1         0.0            0.0            454       0
CNOT3          0.63636        0.63636        454       2093
TFEB           0.0            0.0            461       265
HOXC10         0.0            0.0            468       62
HOXA3          0.0            0.0            474       21
EGR3           0.0            0.0            481       2931
HSF1           0.0            0.0            482       274
FOXC1          0.81818        0.81818        483       77
RXRA           0.37879        0.37879        484       1123
RFX2           0.0            0.0            485       79
IRF6           1.0            1.0            487       316
XBP1           0.0            0.0            487       115
EBF3           0.24242        0.24242        489       319
HIF1A          0.0            0.0            491       526
UBP1           0.0            0.0            491       0
MEIS1          0.90909        0.90909        496       204
HOXA4          0.0            0.0            496       20
DEAF1          0.0            0.0            497       804
ETV4           0.0            0.0            501       0
DLX2           0.0            0.0            507       11
NFATC3         0.0            0.0            512       175
PRRX1          0.72727        0.72727        513       19
E2F7           0.72727        0.72727        514       247
IRF1           0.0            0.0            516       559
ZFX            0.0            0.0            516       2558
TFAP4          0.0            0.0            520       739
PITX3          0.0            0.0            523       73
STAT1          0.18182        0.18182        526       636
MAFB           1.0            1.0            527       198
PPARD          0.0            0.0            528       148
POU2F1         0.63636        0.63636        532       527
CTF1           0.0            0.0            533       658
SP4            0.30303        0.30303        537       3435
TOPORS         0.06061        0.06061        538       193
SP2            0.0            0.0            542       3358
MECOM          1.0            1.0            543       92
RELA           0.0            0.0            543       655
HMBOX1         0.0            0.0            544       26
HOMEZ          0.0            0.0            545       29
RXRB           0.0            0.0            546       500
CREM           0.0            0.0            548       563
MAF            0.09091        0.09091        548       553
TCF4           0.68182        0.68182        550       482
REL            0.0            0.0            553       293
GLI1           0.0            0.0            560       171
STAT6          0.0            0.0            565       253
ARID3A         0.0            0.0            566       0
NR2C2          0.06061        0.06061        567       188
HOXA9          0.0            0.0            567       121
TGIF2          0.0            0.0            567       107
HMGA1          0.0            0.0            569       91
HINFP          0.0            0.0            569       0
ETV6           0.0303         0.0303         570       0
IRF9           0.0            0.0            578       493
RFX3           0.0            0.0            579       79
CLOCK          0.72727        0.72727        580       0
CREB1          0.15152        0.15152        586       889
ING4           0.0            0.0            587       0
NR2F6          0.0            0.0            592       163
ELK4           0.0            0.0            594       558
PBX3           0.0            0.0            598       43
NFYC           0.0            0.0            607       1434
ZNF628         0.0            0.0            611       65
PRDM1          0.09091        0.09091        612       350
HOXA7          0.0            0.0            614       0
TBP            0.68182        0.68182        616       128
NFKB1          0.37879        0.37879        617       928
ERF            0.0            0.0            619       418
SMAD3          0.0            0.0            620       197
GTF2I          0.0            0.0            621       941
MXI1           0.0            0.0            621       265
SOX4           0.0            0.0            627       64
ARNT           0.0            0.0            629       770
RELB           0.0            0.0            631       299
ELK1           0.45455        0.45455        631       920
ZBTB7A         0.0            0.0            632       396
IRF7           0.0            0.0            640       533
EGR2           0.30303        0.30303        646       2926
TRIM28         0.0            0.0            647       1698
KLF11          0.0            0.0            654       1017
GLI3           0.90909        0.90909        661       513
EPAS1          0.72727        0.72727        662       63
HIC1           0.0            0.0            664       1945
GABPB1         0.04545        0.04545        674       550
SREBF2         0.0            0.0            675       1122
ESRRA          0.0            0.0            678       100
ZEB1           1.0            1.0            684       158
BCL6           0.37879        0.37879        685       228
MZF1           0.0            0.0            685       932
SOX18          0.0            0.0            704       64
STAT3          0.0            0.0            704       967
CEBPB          0.0            0.0            707       339
NR4A1          0.0            0.0            724       98
FOSL1          0.0            0.0            724       713
NFATC4         0.0            0.0            731       232
SMAD6          0.0            0.0            732       111
RUNX1          1.0            1.0            734       134
SP3            0.0            0.0            736       3688
CTCF           0.0            0.0            738       2364
MAFK           0.0            0.0            738       198
EBF1           0.09091        0.09091        743       510
NFIB           1.0            1.0            745       227
ATF5           0.0            0.0            752       527
SMAD7          0.0            0.0            754       111
PATZ1          0.0            0.0            774       1553
MEIS2          0.06061        0.06061        778       88
ZNF143         0.0            0.0            779       682
FOXP1          0.90909        0.90909        801       373
RFX1           0.0            0.0            804       432
NR2F2          0.90909        0.90909        806       1038
YY1            0.0            0.0            822       790
ZBTB7B         0.0            0.0            832       2812
DBP            0.0            0.0            838       0
NFYA           0.30303        0.30303        840       1434
ARID5B         1.0            1.0            841       336
TP53           0.0            0.0            851       481
NFIL3          1.0            1.0            855       42
CEBPD          0.90909        0.90909        857       277
FOSB           0.0            0.0            872       713
HBP1           0.07576        0.07576        873       0
ATF1           0.0            0.0            880       624
MAFF           0.0            0.0            891       198
NFE2L2         0.0            0.0            906       810
TFE3           0.54545        0.54545        935       265
ZNF384         0.0            0.0            956       33
MAFG           0.0            0.0            995       292
ATF4           0.0            0.0            1004      560
MAX            0.0            0.0            1014      1179
CREB5          0.72727        0.72727        1018      889
MAZ            0.0            0.0            1019      1845
SRF            0.0            0.0            1071      456
TEF            0.0            0.0            1095      210
EGR1           0.0            0.0            1105      2949
OAZ1           0.0            0.0            1131      71
FOS            0.0            0.0            1141      713
GLIS3          1.0            1.0            1143      276
NR6A1          0.0            0.0            1148      107
SREBF1         0.0            0.0            1159      967
DDIT3          0.0            0.0            1182      80
JUN            0.0            0.0            1344      713
JUNB           0.0            0.0            1364      524
BHLHE40        0.81818        0.81818        1449      408
MEF2D          0.0            0.0            1603      120
HES1           0.0            0.0            1606      508
TGIF1          0.0            0.0            1913      148
